0  255  0
6  255  0
12  255  0
18  255  0
24  255  0
31  255  0
37  255  0
43  255  0
49  255  0
55  255  0
62  255  0
68  255  0
74  255  0
80  255  0
87  255  0
93  255  0
99  255  0
105  255  0
111  255  0
118  255  0
124  255  0
130  255  0
136  255  0
143  255  0
149  255  0
155  255  0
161  255  0
167  255  0
174  255  0
180  255  0
186  255  0
192  255  0
199  255  0
205  255  0
211  255  0
217  255  0
223  255  0
230  255  0
236  255  0
242  255  0
255  255  0
255  242  0
255  236  0
255  230  0
255  223  0
255  217  0
255  211  0
255  205  0
255  199  0
255  192  0
255  186  0
255  180  0
255  174  0
255  167  0
255  161  0
255  155  0
255  149  0
255  143  0
255  136  0
255  130  0
255  124  0
255  118  0
255  111  0
255  105  0
255  99  0
255  93  0
255  87  0
255  80  0
255  74  0
255  68  0
255  62  0
255  55  0
255  49  0
255  43  0
255  37  0
255  31  0
255  24  0
255  18  0
255  12  0
255  6  0
255  0  0